0.6
2.9
2.4
1.9
2.8
3.9
1.9
1.7
2.2
0.8
1.7
2.8
3.1
1.9
2.5
1.9
1.9
1.7
3.1
5
4.2
5
5.3
3.6
1.5
0.7
1
1.7
2.2
2.4
2.4
3.1
4.4
1.9
4.2
3.9
2.2
1.5
1.5
3.2
3.3
2.2
3.1
1.1
2.8
3.1
1.7
3.3
3.3
2.8
3.2
2.5
1.9
3.6
2.8
1.9
1.7
1.7
1.4
2.2
1.9
1.9
6.1
3.9
4.7
3.9
2.7
4.2
1.9
4.4
2.2
4.4
5.3
3.6
1.5
3.4
1.7
2.2
5
5.3
2.5
3.1
2.5
3.4
4.4
2.4
1.5
3.6
0.8
2.4
4.7
5.3
2.9
2.5
2.2
1.9
1.1
2.4
5
2.4
2.2
2.5
1.4
0.5
2.5
2.2
1.7
3.2
3.6
1.7
1.2
1.2
1.5
1.2
2.7
2.8
1.5
4.4
3.9
5.1
3.4
2.7
2.9
3.9
2.2
0.8
2.2
3.1
1.7
1.2
3.6
2.8
3.4
1.9
2.9
3.2
2.7
1.2
1
1
4.4
5.6
3.2
3.4
2.7
0.3
1.2
2.5
2.2
1.2
3.6
2.2
1.7
1.2
1.7
2.8
1.9
5.3
0.5
1.7
1.7
1.9
1.7
1.7
2.8
2.7
2.4
1.7
2.9
2.4
1.5
2.2
1.1
1.5
2.9
2.2
1.2
2.2
2.7
1
0.5
2.9
4.1
3.2
2.9
2.4
1.2
1.9
1.1
1.9
1.5
0.6
1.7
1.4
1
2.2
2.9
2.5
1.7
0.3
1.9
1.7
1
1.4
0.7
0.5
0.7
1
1.2
3.2
1
1.7
1
0.7
2.4
2.2
1
1
1.7
2.2
5
2.5
1.1
1.7
2.4
2.2
1.9
4.4
6.8
2.4
3.2
3.6
1
1.5
1.7
4.7
5.8
4.6
3.4
0.5
0.2
1
1.7
1
1
3.9
4.1
3.6
0.5
0.7
1.2
0.5
0.5
1.9
0.5
0.3
1.5
1.9
1.9
2.4
1.2
2.9
3.2
1.2
1.7
2.9
1.5
2.4
3.4
0.7
1.2
1.7
1.5
3.2
3.9
1.7
2.7
1
1.5
1.5
2.9
0.7
2.2
2.2
1.9
1.7
1.7
1.9
1.9
3.9
1.2
1.5
2.4
3.3
2.9
2.2
4.6
3.9
2.2
1.2
3.6
3.2
2.2
2.9
3.4
2.4
2.9
3.2
1.7
1.7
2.2
2.7
3.2
3.2
2.9
1.9
1.7
2.2
1.7
1.2
1.2
1.9
0.7
2.2
1.5
1.5
2.7
4.9
3.2
0.7
2.2
3.6
3.6
1.7
3.2
3.4
1
0.5
3.4
5.3
4.4
6.8
4.6
3.4
2.2
2.2
2.7
2.2
1.2
1.7
1.9
1.2
1.2
3.6
2.4
1
2.9
3.6
1.7
2.8